74.040000    7.770000
76.580000    7.800000
81.030000    7.800000
83.570000    7.800000
86.160000    9.600000
89.150000    9.600000
91.740000    7.800000
94.280000    7.800000
94.280000    12.520000
91.690000    11.900000
83.570000    11.900000
80.980000    12.520000
76.730000    12.520000
74.110000    11.900000
71.400000    9.600000
68.250000    9.600000
65.630000    7.800000
63.090000    7.800000
58.780000    7.800000
56.240000    7.800000
53.620000    9.880000
50.440000    9.880000
47.850000    7.800000
45.310000    7.800000
45.010000    12.520000
47.730000    11.900000
44.350000    19.690000
40.100000    19.690000
38.990000    12.520000
36.420000    11.900000
33.830000    9.600000
30.810000    9.600000
28.190000    7.820000
25.650000    7.820000
22.000000    7.850000
19.460000    7.850000
16.760000    9.630000
13.820000    9.630000
11.280000    7.820000
8.080000    7.820000
3.490000    8.890000
3.810000    3.810000
8.740000    12.620000
11.270000    11.900000
7.820000    18.760000
13.970000    20.320000
21.050000    19.690000
25.300000    19.690000
21.870000    14.050000
19.320000    11.900000
25.650000    12.520000
28.250000    11.900000
36.450000    7.820000
39.010000    7.800000
32.380000    20.320000
32.070000    28.580000
30.230000    28.580000
28.380000    28.580000
22.580000    28.580000
20.730000    28.580000
18.860000    28.580000
17.020000    28.580000
14.290000    28.580000
12.450000    28.580000
10.570000    28.580000
11.400000    49.820000
15.650000    49.820000
14.670000    52.640000
14.670000    54.360000
13.840000    57.660000
15.880000    58.200000
15.880000    59.790000
13.840000    60.710000
16.510000    62.040000
16.540000    63.980000
20.890000    64.290000
21.460000    59.310000
27.750000    57.400000
27.750000    55.560000
27.990000    52.930000
28.190000    48.590000
32.260000    50.800000
36.220000    52.880000
38.290000    54.480000
40.990000    56.200000
41.310000    58.740000
41.430000    61.340000
42.820000    63.840000
41.850000    66.360000
39.310000    65.210000
37.400000    65.850000
34.540000    67.820000
34.350000    71.120000
37.270000    70.360000
37.150000    73.090000
38.100000    74.870000
38.100000    76.520000
42.050000    76.140000
41.910000    73.720000
45.340000    73.790000
45.780000    75.760000
48.260000    73.030000
49.910000    75.250000
51.630000    75.560000
55.880000    77.920000
60.260000    74.300000
63.500000    74.300000
68.140000    72.640000
67.660000    69.860000
64.010000    68.640000
64.900000    65.750000
71.630000    72.010000
69.790000    75.120000
69.790000    76.960000
68.960000    80.520000
74.420000    80.900000
75.310000    76.140000
76.900000    71.560000
80.960000    77.340000
79.690000    80.770000
81.720000    86.930000
87.880000    89.790000
86.360000    96.520000
72.390000    96.520000
66.990000    88.650000
64.200000    90.680000
61.910000    90.680000
73.790000    87.060000
85.550000    72.390000
92.200000    72.340000
80.900000    52.130000
80.900000    50.300000
80.900000    48.440000
80.900000    46.600000
80.900000    44.770000
80.900000    42.940000
80.900000    41.100000
80.900000    39.230000
80.900000    37.470000
80.900000    35.620000
80.900000    33.780000
78.200000    34.010000
77.480000    35.810000
77.460000    37.210000
77.460000    38.610000
77.480000    40.130000
77.910000    41.730000
78.250000    44.050000
77.270000    45.470000
77.290000    46.990000
77.290000    48.580000
77.270000    50.100000
77.760000    51.920000
72.580000    52.830000
72.450000    50.610000
72.550000    48.380000
65.000000    54.780000
58.390000    46.990000
55.020000    58.420000
54.990000    69.530000
37.660000    62.100000
33.660000    55.940000
31.180000    56.830000
22.990000    52.320000
20.450000    52.510000
17.780000    52.320000
20.450000    49.590000
36.470000    48.770000
40.390000    48.160000
40.390000    50.200000
46.160000    37.590000
45.590000    34.140000
47.210000    28.580000
49.090000    28.580000
50.960000    28.580000
53.560000    28.580000
55.400000    28.580000
57.090000    28.580000
60.490000    28.580000
64.960000    28.580000
66.800000    28.580000
68.640000    28.580000
71.560000    28.580000
73.380000    28.580000
75.240000    28.580000
77.090000    28.580000
82.740000    28.580000
84.580000    28.580000
86.420000    28.580000
89.280000    28.580000
91.740000    27.500000
97.250000    24.130000
97.220000    20.190000
94.890000    20.570000
87.630000    20.320000
80.740000    19.690000
76.610000    19.690000
69.850000    20.320000
63.150000    19.690000
58.960000    19.690000
52.070000    20.320000
56.290000    11.900000
58.930000    12.520000
62.920000    12.520000
65.590000    11.900000
42.830000    28.590000
38.450000    28.580000
36.640000    28.580000
34.800000    28.580000
51.120000    36.830000
32.700000    73.660000
29.210000    75.560000
26.040000    73.340000
22.540000    73.340000
19.050000    75.560000
16.000000    74.170000
13.970000    77.920000
9.530000    75.560000
11.750000    71.950000
9.080000    70.580000
9.970000    68.900000
10.030000    66.230000
11.750000    66.230000
5.670000    69.590000
2.840000    70.800000
2.900000    73.590000
5.710000    72.830000
2.570000    67.540000
3.490000    87.120000
3.810000    99.060000
23.500000    77.920000
33.660000    77.920000
41.670000    86.490000
41.590000    89.090000
45.150000    89.090000
45.150000    87.380000
45.150000    85.730000
100.330000    99.060000
100.330000    49.530000
93.980000    47.620000
97.160000    42.860000
99.250000    8.890000
100.330000    3.810000
