39.31    65.21
15.65    49.82
72.55    48.38
84.58    28.58
27.99    52.93
67.66    69.86
58.39    46.99
65.00    54.78
42.82    63.84
37.66    62.10
14.67    54.36
20.45    49.59
17.78    52.32
22.99    52.32
14.67    52.64
16.51    62.04
66.80    28.58
49.09    28.58
28.19    48.59
36.22    52.88
36.47    48.77
30.23    28.58
12.45    28.58
69.79    76.96
64.90    65.75
18.86    28.58
20.73    28.58
21.05    19.69
68.96    80.52
17.02    28.58
36.64    28.58
38.45    28.58
40.10    19.69
74.42    80.90
34.80    28.58
55.40    28.58
57.09    28.58
58.96    19.69
80.96    77.34
53.56    28.58
73.38    28.58
75.24    28.58
76.61    19.69
81.72    86.93
71.56    28.58
91.74    27.50
97.25    24.13
94.89    20.57
89.28    28.58
54.99    69.53
69.79    75.12
61.91    90.68
46.16    37.59
80.90    46.60
40.99    56.20
41.43    61.34
80.90    50.30
45.15    89.09
64.20    90.68
11.75    66.23
80.90    41.10
7.82    18.76
25.30    19.69
44.35    19.69
63.15    19.69
80.74    19.69
22.00    7.85
19.46    7.85
11.28    7.82
8.08    7.82
39.01    7.80
36.45    7.82
28.19    7.82
25.65    7.82
58.78    7.80
56.24    7.80
47.85    7.80
45.31    7.80
76.58    7.80
74.04    7.77
65.63    7.80
63.09    7.80
94.28    7.80
91.74    7.80
83.57    7.80
81.03    7.80
29.21    75.56
93.98    47.62
19.05    75.56
20.89    64.29
37.40    65.85
9.53    75.56
72.39    96.52
76.90    71.56
13.82    9.63
66.99    88.65
77.27    50.10
72.45    50.61
77.29    48.58
77.27    45.47
77.29    46.99
77.46    38.61
77.48    40.13
77.46    37.21
77.48    35.81
79.69    80.77
8.74    12.62
21.87    14.05
16.76    9.63
25.65    12.52
30.81    9.60
38.99    12.52
33.83    9.60
50.44    9.88
45.01    12.52
53.62    9.88
58.93    12.52
68.25    9.60
62.92    12.52
76.73    12.52
71.40    9.60
94.28    12.52
89.15    9.60
86.16    9.60
80.98    12.52
2.57    67.54
11.40    49.82
97.16    42.86
85.55    72.39
86.36    96.52
3.49    87.12
3.49    8.89
99.25    8.89
3.81    3.81
100.33    3.81
3.81    99.06
100.33    99.06
33.66    55.94
100.33    49.53
64.01    68.64
73.79    87.06
92.20    72.34
2.90    73.59
11.75    71.95
22.54    73.34
32.70    73.66
41.59    89.09
51.63    75.56
2.84    70.80
45.78    75.76
27.75    57.40
27.75    55.56
13.97    77.92
23.50    77.92
33.66    77.92
41.67    86.49
55.88    77.92
42.05    76.14
15.88    58.20
15.88    59.79
87.88    89.79
19.32    11.90
11.27    11.90
36.42    11.90
28.25    11.90
71.63    72.01
32.07    28.58
68.14    72.64
56.29    11.90
47.73    11.90
50.96    28.58
14.29    28.58
74.11    11.90
65.59    11.90
68.64    28.58
91.69    11.90
83.57    11.90
86.42    28.58
80.90    35.62
80.90    37.47
10.57    28.58
45.59    34.14
80.90    48.44
80.90    52.13
5.71    72.83
38.29    54.48
5.67    69.59
80.90    42.94
80.90    44.77
80.90    39.23
80.90    33.78
9.08    70.58
37.27    70.36
16.00    74.17
9.97    68.90
40.39    48.16
40.39    50.20
41.85    66.36
16.54    63.98
34.35    71.12
34.54    67.82
26.04    73.34
38.10    76.52
38.10    74.87
45.15    85.73
48.26    73.03
45.15    87.38
60.26    74.30
63.50    74.30
49.91    75.25
42.83    28.59
22.58    28.58
60.49    28.58
77.09    28.58
97.22    20.19
28.38    28.58
47.21    28.58
64.96    28.58
82.74    28.58
45.34    73.79
41.91    73.72
37.15    73.09
10.03    66.23
72.58    52.83
31.18    56.83
77.76    51.92
78.25    44.05
77.91    41.73
78.20    34.01
21.46    59.31
55.02    58.42
75.31    76.14
51.12    36.83
13.97    20.32
32.38    20.32
52.07    20.32
69.85    20.32
87.63    20.32
32.26    50.80
41.31    58.74
20.45    52.51
13.84    57.66
13.84    60.71
